25794978
83782674
70381396
78645910
99766524
100702353
103654656
93778143
87398472
70711333
81139419
105055904
95860037
95619690
95017616
98240296
74546728
83387568
105955146
98795504
103717488
107014817
100377226
82549656
86211274
103047072
99336816
91471560
86033484
84948640
78765180
85527438
99129446
97650192
88777879
84421760
71489332
66596508
75561375
85911504
94594332
98627370
90460140
69608511
62723712
62634283
68525100
65639562
63300960
63062784
55052800
54992058
53979951
63169528
63673958
61476284
61869052
54879720
51561811
55730466
60475800
60133420
62218818
61874696
60915744
59687829
60095748
64238860
61209864
66321576
65692896
58794362
52717620
54960246
68110420
70947389
76069116
74353230
68873244
60876608
63831503
72280272
73155180
78095248
75848304
70488670
74541600
83272420
87626367
93065161
95047450
95766324
87194775
79844964
90429928
105399450
109850076
116593176
116291520
114003450
109743000
119669340
123455340
122466162
101826339
123408665
91255360
92572401
104795100
117789056
116656398
101571644
108850782
111711214
102359194
111318886
143644314
125405106
113098090
111991500
114947430
118454937
122474088
126823843
106999360
109500579
84909168
83984748
88312686
89280770
101896808
102986260
97606174
100545008
105503315
95206929
102364080
121798013
116581256
109708910
118843486
116704723
112656365
118668684
119562012
113947680
101776960
101207685
93310200
99830094
108208740
110033616
103319836
87604860
89921975
108300309
112759836
135365568
133145160
112934560
44684172
125105728
125456001
121771135
120773790
109618256
101355386
101384100
97175694
98144572
89523348
91749931
103947272
90945009
97193964
82336407
78763360
77257280
75907986
77177367
77531840
78847143
72934008
78006764
78717408
80018820
80736060
83965308
87013500
78607840
71987223
76162635
92583638
87900210
74809812
66385600
66660750
64415565
62814983
73223410
74467185
68499054
66563400
73198000
69417450
74649978
90512149
102652110
89779041
83938764
83765201
83536596
82607374
84255688
91143723
98092632
87883625
81552145
84985290
95690604
102652888
97192080
94104072
88740344
87240737
76580812
82869607
77367798
78638000
69236532
66445192
63517604
66849552
66276102
76239996
73122742
65488696
68798340
76452208
65250174
62773848
65954325
86787125
69922110
73058400
68128950
65589192
68642959
72088192
73281012
69107885
70070480
67826374
72556110
69232640
83100688
80360595
78625350
71200296
72778870
72454601
64677690
75475632
83105010
79521876
76595370
71654315
65625774
61559328
72853830
81426780
69554848
60384576
58841496
59515200
54731700
58303625
61180596
65093082
64112202
63044552
57340259
51067668
58738000
67992718
65973432
61687575
58706732
57865731
55659219
60504599
78068736
68454477
65075280
68942097
64809941
58209516
67983006
74817106
67251087
66288464
67788756
59166975
49927413
57902023
71011360
78029778
65123006
65260908
64611967
70126602
76778171
82113248
71759616
64863036
64985375
63530706
54662140
65557100
70031187
73456512
78524895
75131259
67020120
59663969
66868200
75942810
67720786
72688226
66952885
61575760
53875146
60104726
71276205
72602410
65131288
66358910
62201986
57019950
72916176
79134525
80812605
87687782
74379984
63915929
52890390
67628234
76337625
76513073
66320984
68233185
61048964
55272312
76724604
72876972
55692300
56098735
56835009
54762600
54082413
59106768
64435096
63967848
58203756
58182663